16
16
0 3 4 6 5 8 6 9 4 0 1 8 2 0 1 2 
0 9 8 4 4 3 0 2 9 9 2 8 6 8 5 2 
6 2 4 2 0 5 9 7 8 0 0 6 0 6 6 9 
5 5 5 8 0 3 6 3 5 1 2 3 2 8 6 7 
8 1 4 6 9 3 9 3 6 6 8 0 2 9 1 8 
8 0 0 9 9 3 1 1 8 2 4 8 5 6 5 2 
8 3 2 5 0 2 8 6 8 4 0 5 5 3 5 2 
1 4 2 5 4 7 1 1 5 0 4 3 7 4 9 9 
8 7 6 6 2 6 7 4 6 1 8 1 2 8 2 3 
0 7 9 1 4 6 3 1 1 2 5 0 8 9 6 3 
9 7 6 8 5 2 2 0 6 2 6 0 3 4 5 9 
8 5 6 0 1 0 3 0 5 1 9 5 5 0 5 9 
9 8 3 5 4 7 5 7 3 9 3 2 5 2 8 0 
4 4 6 0 9 1 3 1 5 7 5 2 2 9 6 9 
5 1 4 4 2 4 3 3 6 3 4 3 5 5 1 4 
6 2 2 1 2 6 1 0 5 1 1 9 2 8 4 1 
