16
16
8 5 1 8 5 8 1 9 5 1 3 0 4 6 8 8
1 7 9 6 1 5 1 4 8 2 9 5 2 8 8 5
0 3 1 7 3 7 4 7 4 0 9 2 2 5 9 2
5 5 9 6 5 0 5 7 3 0 4 7 8 8 5 8
3 0 1 8 9 8 4 9 9 5 5 0 4 0 2 7
0 1 2 7 7 2 5 5 1 5 9 3 2 7 1 5
2 5 3 6 7 4 2 1 1 9 6 0 5 3 6 3
5 3 2 9 0 8 4 7 7 1 6 6 4 5 0 2
5 1 9 2 0 2 3 7 9 7 5 5 4 5 5 8
9 3 9 3 2 5 1 6 3 1 8 7 7 5 1 1
4 9 4 4 2 8 3 2 7 3 1 5 7 6 0 0
3 7 1 8 1 0 1 8 9 5 8 9 8 2 0 0
4 2 2 3 9 4 5 6 4 1 4 9 6 8 5 1
6 7 3 9 8 4 2 9 4 1 8 3 9 8 4 7
3 5 3 1 9 7 8 7 7 7 0 0 5 4 9 5
5 3 6 4 2 3 0 6 2 6 2 3 1 8 6 9
